1681655928951 0.05355145037174225 0
1681655928954 0.05356978997588158 1
1681655928957 0.053863223642110825 2
1681655928960 0.05376052111387253 3
1681655928963 0.053888898342847824 4
1681655928965 0.05378986522555351 5
1681655928968 0.05394391715526581 6
1681655928971 0.05375685542821884 7
1681655928974 0.0537935346364975 8
1681655928978 0.05399160087108612 9
1681655928981 0.0537935346364975 10
1681655928984 0.0538448840379715 11
1681655928987 0.053811874240636826 12
1681655928990 0.05391090735793114 13
1681655928992 0.05394391715526581 14
1681655928995 0.0536908321082592 15
1681655928998 0.05390723794698715 16
1681655929001 0.05391090735793114 17
1681655929004 0.0537935346364975 18
1681655929008 0.05393291264772415 19
1681655929011 0.0538448840379715 20
1681655929013 0.05378253012895584 21
1681655929016 0.05374952033162117 22
1681655929019 0.05372751131653786 23
1681655929022 0.053888898342847824 24
1681655929025 0.05376052111387253 25
1681655929027 0.053888898342847824 26
1681655929029 0.05365048348903656 27
1681655929031 0.053804535418748856 28
1681655929035 0.05390723794698715 29
1681655929038 0.05367249250411987 30
1681655929041 0.05387422814965248 31
1681655929043 0.053720176219940186 32
1681655929045 0.05397693067789078 33
1681655929047 0.05388523265719414 34
1681655929050 0.05394391715526581 35
1681655929052 0.05394758656620979 36
1681655929054 0.05380820482969284 37
1681655929056 0.05387422814965248 38
1681655929059 0.053987931460142136 39
1681655929061 0.0537421815097332 40
1681655929064 0.053896233439445496 41
1681655929066 0.05394025146961212 42
1681655929068 0.05385955423116684 43
1681655929071 0.05398426577448845 44
1681655929074 0.0538448840379715 45
1681655929077 0.053921911865472794 46
1681655929079 0.05380820482969284 47
1681655929081 0.05402461066842079 48
1681655929084 0.053980596363544464 49
