1681655928801 -28934.71484375 0
1681655928805 -286052.8125 1
1681655928810 -1000126.0625 2
1681655928812 -2371149.25 3
1681655928816 -4604343.0 4
1681655928819 -7883000.0 5
1681655928822 -12425244.0 6
1681655928825 -18413812.0 7
1681655928828 -26038294.0 8
1681655928831 -35506340.0 9
1681655928835 -46969180.0 10
1681655928838 -60617940.0 11
1681655928841 -76759624.0 12
1681655928844 -95505568.0 13
1681655928846 -116934240.0 14
1681655928850 -141316736.0 15
1681655928853 -168961504.0 16
1681655928856 -200049264.0 17
1681655928858 -234430448.0 18
1681655928861 -272998144.0 19
1681655928864 -314879328.0 20
1681655928868 -361512384.0 21
1681655928871 -411628512.0 22
1681655928873 -466883072.0 23
1681655928876 -527342528.0 24
1681655928881 -591592640.0 25
1681655928884 -661652800.0 26
1681655928887 -735725248.0 27
1681655928889 -816325888.0 28
1681655928893 -902708096.0 29
1681655928895 -994842624.0 30
1681655928898 -1092844672.0 31
1681655928902 -1196654848.0 32
1681655928904 -1306310784.0 33
1681655928907 -1422844800.0 34
1681655928909 -1548544000.0 35
1681655928913 -1678848384.0 36
1681655928916 -1816691840.0 37
1681655928918 -1964260736.0 38
1681655928921 -2114916608.0 39
1681655928924 -2274552832.0 40
1681655928926 -2442465024.0 41
1681655928930 -2619588864.0 42
1681655928932 -2804788480.0 43
1681655928934 -2999907072.0 44
1681655928937 -3198668800.0 45
1681655928940 -3407204864.0 46
1681655928943 -3631724288.0 47
1681655928946 -3859892736.0 48
1681655928948 -4101581824.0 49
