1681654918312 0.05162213370203972 0
1681654918315 0.0463770255446434 1
1681654918318 0.03603719174861908 2
1681654918321 0.03143396973609924 3
1681654918324 0.03212353587150574 4
1681654918327 0.03211253136396408 5
1681654918329 0.032651714980602264 6
1681654918332 0.03315054997801781 7
1681654918336 0.033025842159986496 8
1681654918338 0.03341830521821976 9
1681654918341 0.03335962072014809 10
1681654918344 0.03395015373826027 11
1681654918347 0.03364938497543335 12
1681654918349 0.034195903688669205 13
1681654918353 0.03432794660329819 14
1681654918357 0.03428393229842186 15
1681654918362 0.03424358740448952 16
1681654918367 0.03450767695903778 17
1681654918371 0.03490747883915901 18
1681654918375 0.03469840809702873 19
1681654918378 0.03439396992325783 20
1681654918382 0.034386634826660156 21
1681654918386 0.03490747883915901 22
1681654918390 0.034412309527397156 23
1681654918394 0.0344269797205925 24
1681654918399 0.034804776310920715 25
1681654918403 0.03507620096206665 26
1681654918407 0.03463605046272278 27
1681654918412 0.034837786108255386 28
1681654918416 0.03495882824063301 29
1681654918420 0.03536596521735191 30
1681654918424 0.03482311591506004 31
1681654918428 0.03500651195645332 32
1681654918432 0.03479377180337906 33
1681654918434 0.035021182149648666 34
1681654918437 0.03470207378268242 35
1681654918440 0.03517890349030495 36
1681654918443 0.03505786135792732 37
1681654918447 0.034863460808992386 38
1681654918450 0.035230252891778946 39
1681654918454 0.035021182149648666 40
1681654918457 0.034804776310920715 41
1681654918460 0.03535129502415657 42
1681654918463 0.03504319116473198 43
1681654918467 0.03511654958128929 44
1681654918469 0.03528527170419693 45
1681654918471 0.03540264442563057 46
1681654918474 0.034947823733091354 47
1681654918478 0.035039521753787994 48
1681654918482 0.03537696972489357 49
