1681654918162 -7171.4384765625 0
1681654918165 -70927.8984375 1
1681654918169 -248079.65625 2
1681654918172 -588381.4375 3
1681654918175 -1142696.5 4
1681654918178 -1956168.625 5
1681654918181 -3083105.25 6
1681654918184 -4569473.0 7
1681654918187 -6460172.5 8
1681654918190 -8810646.0 9
1681654918193 -11654358.0 10
1681654918196 -15037674.0 11
1681654918198 -19044724.0 12
1681654918202 -23694332.0 13
1681654918204 -29014876.0 14
1681654918207 -35060812.0 15
1681654918210 -41922432.0 16
1681654918213 -49634180.0 17
1681654918216 -58165940.0 18
1681654918218 -67725208.0 19
1681654918222 -78109976.0 20
1681654918225 -89688968.0 21
1681654918228 -102114872.0 22
1681654918232 -115819616.0 23
1681654918235 -130816160.0 24
1681654918240 -146757152.0 25
1681654918244 -164151872.0 26
1681654918247 -182528432.0 27
1681654918250 -202517584.0 28
1681654918253 -223955376.0 29
1681654918256 -246784016.0 30
1681654918260 -271128672.0 31
1681654918262 -296884480.0 32
1681654918265 -324052832.0 33
1681654918267 -352953632.0 34
1681654918270 -384142112.0 35
1681654918273 -416466688.0 36
1681654918276 -450641568.0 37
1681654918278 -487241600.0 38
1681654918281 -524638976.0 39
1681654918284 -564206016.0 40
1681654918287 -605918592.0 41
1681654918290 -649890944.0 42
1681654918292 -695863488.0 43
1681654918295 -744191808.0 44
1681654918298 -793434880.0 45
1681654918300 -845289600.0 46
1681654918303 -900927424.0 47
1681654918306 -957663680.0 48
1681654918309 -1017517120.0 49
