1681671013935 0.05709465220570564 0
1681671013938 0.05143140256404877 1
1681671013941 0.05290589854121208 2
1681671013944 0.0533093698322773 3
1681671013946 0.05416766181588173 4
1681671013949 0.05416766181588173 5
1681671013952 0.05417866259813309 6
1681671013954 0.053232342004776 7
1681671013957 0.04496121034026146 8
1681671013960 0.04547471925616264 9
1681671013963 0.04593687504529953 10
1681671013965 0.04576081410050392 11
1681671013968 0.04320795089006424 12
1681671013970 0.03459937125444412 13
1681671013973 0.01928219012916088 14
1681671013976 0.01325581781566143 15
1681671013978 0.011700625531375408 16
1681671013981 0.01104040164500475 17
1681671013984 0.010735965333878994 18
1681671013986 0.010600253008306026 19
1681671013990 0.010402185842394829 20
1681671013993 0.010490216314792633 21
1681671013996 0.010215123184025288 22
1681671013999 0.01879069022834301 23
1681671014002 0.05632438883185387 24
1681671014004 0.05641608685255051 25
1681671014006 0.05637207254767418 26
1681671014008 0.05626203492283821 27
1681671014010 0.05631338432431221 28
1681671014012 0.05648944526910782 29
1681671014015 0.056251030415296555 30
1681671014016 0.05626937001943588 31
1681671014018 0.056401416659355164 32
1681671014021 0.05647110566496849 33
1681671014023 0.05637940764427185 34
1681671014025 0.05629871413111687 35
1681671014027 0.05645276606082916 36
1681671014029 0.05633172392845154 37
1681671014031 0.056493114680051804 38
1681671014034 0.05647844076156616 39
1681671014036 0.05641242116689682 40
1681671014038 0.05633906275033951 41
1681671014040 0.056375741958618164 42
1681671014042 0.05651511996984482 43
1681671014044 0.05629504472017288 44
1681671014047 0.05620335042476654 45
1681671014049 0.05647844076156616 46
1681671014051 0.056383077055215836 47
1681671014053 0.056460101157426834 48
1681671014055 0.05654813349246979 49
