1681671013795 -88.27254486083984 0
1681671013799 -756.7319946289062 1
1681671013803 -2425.249755859375 2
1681671013806 -5467.66796875 3
1681671013809 -10296.8818359375 4
1681671013812 -17265.7890625 5
1681671013814 -26767.005859375 6
1681671013818 -39200.31640625 7
1681671013821 -54921.0234375 8
1681671013824 -74326.328125 9
1681671013827 -97684.6796875 10
1681671013829 -125473.6015625 11
1681671013832 -158131.90625 12
1681671013835 -195935.6875 13
1681671013838 -239311.0 14
1681671013841 -288343.46875 15
1681671013843 -343965.4375 16
1681671013846 -406148.9375 17
1681671013848 -475086.96875 18
1681671013852 -552101.6875 19
1681671013855 -635834.1875 20
1681671013857 -728702.625 21
1681671013860 -828762.4375 22
1681671013863 -938556.875 23
1681671013865 -1058089.125 24
1681671013869 -1186680.0 25
1681671013871 -1326122.25 26
1681671013874 -1472744.5 27
1681671013877 -1632929.375 28
1681671013879 -1803238.75 29
1681671013882 -1985972.75 30
1681671013885 -2179580.75 31
1681671013887 -2385128.25 32
1681671013890 -2602513.0 33
1681671013893 -2834248.0 34
1681671013895 -3081890.75 35
1681671013898 -3339251.0 36
1681671013901 -3610887.75 37
1681671013904 -3900250.5 38
1681671013907 -4199743.0 39
1681671013910 -4515019.0 40
1681671013912 -4849734.0 41
1681671013915 -5195041.5 42
1681671013917 -5560693.0 43
1681671013920 -5941923.5 44
1681671013922 -6335135.5 45
1681671013925 -6750866.0 46
1681671013927 -7187498.0 47
1681671013930 -7638959.5 48
1681671013933 -8112382.5 49
