1681657355280 0.03296348452568054 0
1681657355284 0.033554017543792725 1
1681657355287 0.055080968886613846 2
1681657355290 0.055550459772348404 3
1681657355293 0.05554312467575073 4
1681657355296 0.0556018128991127 5
1681657355299 0.055715516209602356 6
1681657355302 0.055642157793045044 7
1681657355306 0.05549544095993042 8
1681657355309 0.05556879937648773 9
1681657355313 0.05541841685771942 10
1681657355318 0.0555761381983757 11
1681657355322 0.05556146427989006 12
1681657355326 0.05556146427989006 13
1681657355330 0.05571185052394867 14
1681657355334 0.05532671883702278 15
1681657355338 0.05550277978181839 16
1681657355342 0.05552845448255539 17
1681657355346 0.055532120168209076 18
1681657355351 0.05569351091980934 19
1681657355355 0.05558347329497337 20
1681657355360 0.05558347329497337 21
1681657355364 0.055532120168209076 22
1681657355369 0.05547710135579109 23
1681657355372 0.05563849210739136 24
1681657355376 0.055447760969400406 25
1681657355379 0.05548810586333275 26
1681657355383 0.055414747446775436 27
1681657355388 0.055433087050914764 28
1681657355392 0.05556879937648773 29
1681657355396 0.055440422147512436 30
1681657355400 0.055532120168209076 31
1681657355404 0.05545509606599808 32
1681657355408 0.05569717660546303 33
1681657355413 0.0556274875998497 34
1681657355416 0.05567517131567001 35
1681657355418 0.055623818188905716 36
1681657355420 0.055466100573539734 37
1681657355424 0.05551744997501373 38
1681657355426 0.055682506412267685 39
1681657355430 0.05553578957915306 40
1681657355432 0.05549177527427673 41
1681657355435 0.0556018128991127 42
1681657355438 0.05558713898062706 43
1681657355442 0.05557980388402939 44
1681657355447 0.055623818188905716 45
1681657355451 0.055649492889642715 46
1681657355455 0.05557980388402939 47
1681657355459 0.05572652071714401 48
1681657355463 0.055708181113004684 49
