1681657355124 -21238.892578125 0
1681657355127 -209340.265625 1
1681657355131 -731240.5 2
1681657355134 -1733048.5 3
1681657355137 -3364235.5 4
1681657355141 -5758875.0 5
1681657355143 -9075236.0 6
1681657355146 -13449954.0 7
1681657355149 -19015972.0 8
1681657355152 -25931888.0 9
1681657355155 -34299428.0 10
1681657355159 -44258132.0 11
1681657355163 -56049788.0 12
1681657355167 -69737232.0 13
1681657355170 -85388152.0 14
1681657355174 -103188160.0 15
1681657355177 -123368736.0 16
1681657355180 -146062768.0 17
1681657355183 -171180400.0 18
1681657355186 -199334032.0 19
1681657355189 -229901744.0 20
1681657355192 -263963904.0 21
1681657355195 -300535232.0 22
1681657355198 -340875520.0 23
1681657355201 -384997312.0 24
1681657355206 -431928928.0 25
1681657355210 -483039616.0 26
1681657355214 -537175040.0 27
1681657355216 -596040064.0 28
1681657355219 -659120512.0 29
1681657355222 -726368640.0 30
1681657355225 -797914240.0 31
1681657355228 -873709056.0 32
1681657355231 -953599616.0 33
1681657355234 -1038694016.0 34
1681657355237 -1130479232.0 35
1681657355240 -1225651712.0 36
1681657355244 -1326273920.0 37
1681657355246 -1434023296.0 38
1681657355249 -1544078976.0 39
1681657355252 -1660724736.0 40
1681657355255 -1783183360.0 41
1681657355258 -1912519808.0 42
1681657355260 -2047851904.0 43
1681657355263 -2190084864.0 44
1681657355266 -2335281408.0 45
1681657355269 -2487487232.0 46
1681657355273 -2651414528.0 47
1681657355275 -2817965312.0 48
1681657355278 -2994396416.0 49
