1681652131025 0.05805930867791176 0
1681652131028 0.058077648282051086 1
1681652131031 0.058103326708078384 2
1681652131033 0.05795660987496376 3
1681652131036 0.058070313185453415 4
1681652131038 0.058018963783979416 5
1681652131041 0.05802629888057709 6
1681652131044 0.05803363397717476 7
1681652131047 0.05801529437303543 8
1681652131050 0.0580739825963974 9
1681652131052 0.058044638484716415 10
1681652131055 0.05800795927643776 11
1681652131058 0.058070313185453415 12
1681652131062 0.0580739825963974 13
1681652131064 0.058037303388118744 14
1681652131067 0.05798228457570076 15
1681652131070 0.05800795927643776 16
1681652131072 0.05808131769299507 17
1681652131075 0.05802996829152107 18
1681652131077 0.058110661804676056 19
1681652131081 0.05802996829152107 20
1681652131083 0.05804096907377243 21
1681652131086 0.058018963783979416 22
1681652131089 0.05805564299225807 23
1681652131092 0.05806297808885574 24
1681652131094 0.05805564299225807 25
1681652131096 0.05804096907377243 26
1681652131100 0.05804096907377243 27
1681652131102 0.05805564299225807 28
1681652131104 0.058095987886190414 29
1681652131108 0.058004289865493774 30
1681652131110 0.058077648282051086 31
1681652131112 0.05806664749979973 32
1681652131116 0.058084987103939056 33
1681652131119 0.05802996829152107 34
1681652131123 0.057985950261354446 35
1681652131125 0.058070313185453415 36
1681652131127 0.05806664749979973 37
1681652131130 0.058103326708078384 38
1681652131132 0.0580996572971344 39
1681652131135 0.0580483078956604 40
1681652131137 0.05802629888057709 41
1681652131140 0.05805197358131409 42
1681652131141 0.058077648282051086 43
1681652131144 0.05800062417984009 44
1681652131146 0.05800795927643776 45
1681652131149 0.05808865278959274 46
1681652131152 0.058077648282051086 47
1681652131154 0.05805197358131409 48
1681652131156 0.05814367160201073 49
