1681652130869 -27803398.0 0
1681652130873 -278602784.0 1
1681652130877 -978303040.0 2
1681652130879 -2323247872.0 3
1681652130883 -4517650432.0 4
1681652130886 -7744556032.0 5
1681652130889 -12202968064.0 6
1681652130893 -18090919936.0 7
1681652130897 -25600167936.0 8
1681652130901 -34908905472.0 9
1681652130904 -46162100224.0 10
1681652130907 -59624763392.0 11
1681652130911 -75517870080.0 12
1681652130914 -93939580928.0 13
1681652130917 -115126583296.0 14
1681652130920 -139101339648.0 15
1681652130923 -166327320576.0 16
1681652130927 -196947886080.0 17
1681652130929 -230824165376.0 18
1681652130933 -268772622336.0 19
1681652130935 -310120841216.0 20
1681652130938 -355986538496.0 21
1681652130942 -405409660928.0 22
1681652130947 -459619663872.0 23
1681652130950 -518965460992.0 24
1681652130953 -582586007552.0 25
1681652130956 -651653545984.0 26
1681652130959 -724614316032.0 27
1681652130962 -804165910528.0 28
1681652130965 -888918048768.0 29
1681652130968 -979556958208.0 30
1681652130971 -1076182384640.0 31
1681652130973 -1178299138048.0 32
1681652130976 -1286973554688.0 33
1681652130978 -1401900367872.0 34
1681652130982 -1525453815808.0 35
1681652130985 -1654158786560.0 36
1681652130987 -1789581459456.0 37
1681652130989 -1933779795968.0 38
1681652130993 -2083172515840.0 39
1681652130995 -2240795377664.0 40
1681652130998 -2407669170176.0 41
1681652131001 -2580084686848.0 42
1681652131004 -2763114414080.0 43
1681652131007 -2953770434560.0 44
1681652131010 -3149906051072.0 45
1681652131013 -3358280122368.0 46
1681652131016 -3577541820416.0 47
1681652131019 -3802652999680.0 48
1681652131022 -4039688060928.0 49
