1681661799773 0.05505895987153053 0
1681661799776 0.05309662967920303 1
1681661799779 0.035974837839603424 2
1681661799782 0.03764740377664566 3
1681661799785 0.017873713746666908 4
1681661799788 0.029071835801005363 5
1681661799791 0.03913290798664093 6
1681661799795 0.02950098179280758 7
1681661799798 0.02602013759315014 8
1681661799800 0.03911089897155762 9
1681661799802 0.025880755856633186 10
1681661799804 0.0344526581466198 11
1681661799806 0.03826728090643883 12
1681661799810 0.024644671007990837 13
1681661799812 0.03854237496852875 14
1681661799814 0.03820492699742317 15
1681661799816 0.04600656405091286 16
1681661799818 0.036734096705913544 17
1681661799820 0.042544059455394745 18
1681661799825 0.03457736596465111 19
1681661799827 0.033377960324287415 20
1681661799829 0.027234213426709175 21
1681661799831 0.05010361969470978 22
1681661799835 0.04528031870722771 23
1681661799837 0.029310250654816628 24
1681661799840 0.049747832119464874 25
1681661799841 0.028191538527607918 26
1681661799845 0.05082619562745094 27
1681661799847 0.043780144304037094 28
1681661799849 0.033337611705064774 29
1681661799851 0.035431988537311554 30
1681661799855 0.05309662967920303 31
1681661799858 0.04768279939889908 32
1681661799860 0.04046802595257759 33
1681661799862 0.04338034242391586 34
1681661799864 0.036224257200956345 35
1681661799867 0.04679883271455765 36
1681661799869 0.032842446118593216 37
1681661799871 0.0459955632686615 38
1681661799875 0.03576209768652916 39
1681661799877 0.04053404554724693 40
1681661799880 0.026599666103720665 41
1681661799882 0.03259669616818428 42
1681661799884 0.04544170945882797 43
1681661799887 0.037592384964227676 44
1681661799890 0.05782089754939079 45
1681661799893 0.0435747429728508 46
1681661799896 0.04159407317638397 47
1681661799899 0.040508370846509933 48
1681661799901 0.038938507437705994 49
