1681661799606 -17248040.0 0
1681661799611 -172849280.0 1
1681661799616 -606902464.0 2
1681661799622 -1441337728.0 3
1681661799625 -2802987776.0 4
1681661799628 -4805225472.0 5
1681661799631 -7571299328.0 6
1681661799636 -11225286656.0 7
1681661799639 -15885239296.0 8
1681661799643 -21661599744.0 9
1681661799645 -28646340608.0 10
1681661799648 -37000986624.0 11
1681661799651 -46864089088.0 12
1681661799655 -58297110528.0 13
1681661799658 -71441047552.0 14
1681661799661 -86321340416.0 15
1681661799664 -103213064192.0 16
1681661799667 -122210713600.0 17
1681661799670 -143236972544.0 18
1681661799674 -166781353984.0 19
1681661799677 -192444776448.0 20
1681661799680 -220913074176.0 21
1681661799683 -251569455104.0 22
1681661799688 -285219651584.0 23
1681661799691 -322054389760.0 24
1681661799695 -361511845888.0 25
1681661799699 -404386185216.0 26
1681661799702 -449647181824.0 27
1681661799705 -499008438272.0 28
1681661799708 -551605567488.0 29
1681661799711 -607834603520.0 30
1681661799714 -667808235520.0 31
1681661799717 -731169882112.0 32
1681661799720 -798645944320.0 33
1681661799723 -869938954240.0 34
1681661799726 -946616336384.0 35
1681661799729 -1026491285504.0 36
1681661799733 -1110486679552.0 37
1681661799736 -1199973072896.0 38
1681661799739 -1292661424128.0 39
1681661799742 -1390455816192.0 40
1681661799744 -1494038609920.0 41
1681661799747 -1601113817088.0 42
1681661799750 -1714653626368.0 43
1681661799754 -1832870871040.0 44
1681661799757 -1954550775808.0 45
1681661799760 -2083886858240.0 46
1681661799763 -2219945754624.0 47
1681661799766 -2359649370112.0 48
1681661799769 -2506701668352.0 49
