1681658594746 0.04629633203148842 0
1681658594749 0.053529445081949234 1
1681658594752 0.05391090735793114 2
1681658594755 0.053613804280757904 3
1681658594758 0.05377519503235817 4
1681658594761 0.05380086973309517 5
1681658594764 0.05396959185600281 6
1681658594767 0.05366148799657822 7
1681658594770 0.05375685542821884 8
1681658594774 0.05382654443383217 9
1681658594777 0.05360646918416023 10
1681658594780 0.05384121462702751 11
1681658594785 0.053822875022888184 12
1681658594788 0.05389256775379181 13
1681658594791 0.05389990285038948 14
1681658594795 0.05354411527514458 15
1681658594797 0.05377519503235817 16
1681658594800 0.05387422814965248 17
1681658594802 0.05363214388489723 18
1681658594805 0.05383387953042984 19
1681658594809 0.05376052111387253 20
1681658594813 0.05375685542821884 21
1681658594815 0.05363214388489723 22
1681658594818 0.053712841123342514 23
1681658594820 0.05388523265719414 24
1681658594823 0.05367616191506386 25
1681658594825 0.053811874240636826 26
1681658594828 0.0537421815097332 27
1681658594830 0.0537678599357605 28
1681658594833 0.05392557755112648 29
1681658594835 0.053712841123342514 30
1681658594838 0.05370917171239853 31
1681658594843 0.05367616191506386 32
1681658594846 0.05393658205866814 33
1681658594850 0.05387422814965248 34
1681658594853 0.05381553992629051 35
1681658594857 0.053687162697315216 36
1681658594860 0.05375318601727486 37
1681658594864 0.05384121462702751 38
1681658594867 0.053929246962070465 39
1681658594871 0.05377519503235817 40
1681658594873 0.053811874240636826 41
1681658594876 0.053837548941373825 42
1681658594879 0.05389990285038948 43
1681658594882 0.053903572261333466 44
1681658594884 0.05387422814965248 45
1681658594887 0.05394391715526581 46
1681658594889 0.05393658205866814 47
1681658594891 0.05409430339932442 48
1681658594894 0.05399893596768379 49
