1681658594589 -21837.66796875 0
1681658594594 -215203.609375 1
1681658594597 -751625.875 2
1681658594602 -1781228.625 3
1681658594604 -3457587.75 4
1681658594607 -5918550.5 5
1681658594610 -9327949.0 6
1681658594613 -13822469.0 7
1681658594617 -19544442.0 8
1681658594621 -26647332.0 9
1681658594624 -35251576.0 10
1681658594627 -45486304.0 11
1681658594630 -57600264.0 12
1681658594633 -71666040.0 13
1681658594636 -87748072.0 14
1681658594639 -106040904.0 15
1681658594642 -126781288.0 16
1681658594645 -150109008.0 17
1681658594649 -175896432.0 18
1681658594652 -204822192.0 19
1681658594654 -236252128.0 20
1681658594657 -271243456.0 21
1681658594660 -308833248.0 22
1681658594663 -350268544.0 23
1681658594666 -395624096.0 24
1681658594670 -443876608.0 25
1681658594673 -496455072.0 26
1681658594676 -552000576.0 27
1681658594679 -612464192.0 28
1681658594682 -677286336.0 29
1681658594685 -746414144.0 30
1681658594688 -819929600.0 31
1681658594692 -897788736.0 32
1681658594694 -980054016.0 33
1681658594697 -1067487040.0 34
1681658594700 -1161744512.0 35
1681658594703 -1259446912.0 36
1681658594706 -1362989568.0 37
1681658594709 -1473675520.0 38
1681658594713 -1586749824.0 39
1681658594716 -1706496128.0 40
1681658594719 -1832639360.0 41
1681658594722 -1965335552.0 42
1681658594725 -2104435840.0 43
1681658594728 -2250608640.0 44
1681658594731 -2399556608.0 45
1681658594734 -2556358400.0 46
1681658594737 -2724706304.0 47
1681658594740 -2896025088.0 48
1681658594743 -3077229056.0 49
