1681650318086 0.05245474725961685 0
1681650318088 0.05212463438510895 1
1681650318092 0.05249876156449318 2
1681650318095 0.05254644528031349 3
1681650318098 0.05264914780855179 4
1681650318101 0.05234837904572487 5
1681650318103 0.05254277586936951 6
1681650318107 0.05248042196035385 7
1681650318110 0.05240339785814285 8
1681650318114 0.05270416662096977 9
1681650318117 0.05259779468178749 10
1681650318120 0.052575789391994476 11
1681650318126 0.05245841667056084 12
1681650318130 0.052469417452812195 13
1681650318134 0.05253911018371582 14
1681650318137 0.05232270434498787 15
1681650318141 0.05252443626523018 16
1681650318146 0.05268215760588646 17
1681650318150 0.05245474725961685 18
1681650318154 0.052568450570106506 19
1681650318158 0.052528105676174164 20
1681650318162 0.052436407655477524 21
1681650318165 0.05239605903625488 22
1681650318170 0.052410732954740524 23
1681650318173 0.05264180898666382 24
1681650318177 0.05252077057957649 25
1681650318180 0.05257211998105049 26
1681650318183 0.052418068051338196 27
1681650318186 0.05259045958518982 28
1681650318190 0.052586790174245834 29
1681650318193 0.05233737453818321 30
1681650318197 0.05245107784867287 31
1681650318201 0.05248042196035385 32
1681650318205 0.0527225062251091 33
1681650318208 0.052693162113428116 34
1681650318212 0.052528105676174164 35
1681650318216 0.05262346938252449 36
1681650318220 0.05252077057957649 37
1681650318224 0.052619803696870804 38
1681650318227 0.0527481809258461 39
1681650318231 0.052410732954740524 40
1681650318235 0.05261246860027313 41
1681650318238 0.05259045958518982 42
1681650318241 0.052561115473508835 43
1681650318244 0.052667487412691116 44
1681650318247 0.05275918170809746 45
1681650318250 0.052711501717567444 46
1681650318252 0.052619803696870804 47
1681650318255 0.05267482250928879 48
1681650318257 0.05281420052051544 49
