1681650317928 -37000.0 0
1681650317933 -363764.0625 1
1681650317938 -1269660.5 2
1681650317942 -3007958.5 3
1681650317945 -5837968.0 4
1681650317948 -9993169.0 5
1681650317951 -15746709.0 6
1681650317954 -23329864.0 7
1681650317957 -32988486.0 8
1681650317960 -44975972.0 9
1681650317963 -59495772.0 10
1681650317967 -76779168.0 11
1681650317970 -97218696.0 12
1681650317973 -120950744.0 13
1681650317976 -148066704.0 14
1681650317979 -178950000.0 15
1681650317982 -213954128.0 16
1681650317985 -253322416.0 17
1681650317988 -296818656.0 18
1681650317991 -345642432.0 19
1681650317994 -398662304.0 20
1681650317997 -457703104.0 21
1681650318001 -521178240.0 22
1681650318004 -591077888.0 23
1681650318007 -667613184.0 24
1681650318012 -748964096.0 25
1681650318015 -837703232.0 26
1681650318018 -931433600.0 27
1681650318021 -1033470080.0 28
1681650318024 -1142825728.0 29
1681650318027 -1259451904.0 30
1681650318029 -1383551872.0 31
1681650318033 -1514967552.0 32
1681650318036 -1653795072.0 33
1681650318038 -1801303680.0 34
1681650318041 -1960370944.0 35
1681650318044 -2125289856.0 36
1681650318047 -2299676928.0 37
1681650318050 -2486619136.0 38
1681650318053 -2677319168.0 39
1681650318056 -2879335168.0 40
1681650318059 -3092133120.0 41
1681650318062 -3316311296.0 42
1681650318065 -3550659840.0 43
1681650318068 -3797478144.0 44
1681650318071 -4049154816.0 45
1681650318074 -4313374208.0 46
1681650318077 -4597366272.0 47
1681650318079 -4886346752.0 48
1681650318083 -5192247808.0 49
