1681653230173 0.05803363397717476 0
1681653230176 0.058044638484716415 1
1681653230178 0.058103326708078384 2
1681653230182 0.05793460085988045 3
1681653230185 0.05802996829152107 4
1681653230188 0.057993289083242416 5
1681653230191 0.0580226294696331 6
1681653230194 0.058004289865493774 7
1681653230196 0.057993289083242416 8
1681653230200 0.05805930867791176 9
1681653230203 0.058018963783979416 10
1681653230206 0.0579712800681591 11
1681653230210 0.05805564299225807 12
1681653230212 0.05805930867791176 13
1681653230216 0.05802996829152107 14
1681653230219 0.05796394497156143 15
1681653230223 0.05798228457570076 16
1681653230226 0.058070313185453415 17
1681653230229 0.058004289865493774 18
1681653230231 0.05810699239373207 19
1681653230234 0.05800062417984009 20
1681653230238 0.058011628687381744 21
1681653230241 0.0579969547688961 22
1681653230244 0.058044638484716415 23
1681653230247 0.058044638484716415 24
1681653230250 0.05803363397717476 25
1681653230253 0.05802996829152107 26
1681653230256 0.058018963783979416 27
1681653230259 0.058044638484716415 28
1681653230261 0.058084987103939056 29
1681653230263 0.0579712800681591 30
1681653230266 0.05805564299225807 31
1681653230269 0.0580483078956604 32
1681653230272 0.05809232220053673 33
1681653230275 0.05801529437303543 34
1681653230278 0.05796027556061745 35
1681653230281 0.05805930867791176 36
1681653230283 0.0580483078956604 37
1681653230286 0.05808131769299507 38
1681653230288 0.058084987103939056 39
1681653230291 0.05803363397717476 40
1681653230293 0.05798961967229843 41
1681653230296 0.05803363397717476 42
1681653230298 0.05805930867791176 43
1681653230300 0.05798961967229843 44
1681653230302 0.05797494947910309 45
1681653230304 0.05808131769299507 46
1681653230306 0.05805564299225807 47
1681653230308 0.058011628687381744 48
1681653230310 0.058136336505413055 49
