1681653230017 -23538966.0 0
1681653230023 -235837824.0 1
1681653230026 -828091264.0 2
1681653230029 -1966409216.0 3
1681653230033 -3823586816.0 4
1681653230035 -6554761728.0 5
1681653230038 -10327794688.0 6
1681653230042 -15310956544.0 7
1681653230045 -21666512896.0 8
1681653230048 -29544947712.0 9
1681653230051 -39069208576.0 10
1681653230054 -50462224384.0 11
1681653230057 -63913488384.0 12
1681653230060 -79503220736.0 13
1681653230064 -97433640960.0 14
1681653230067 -117726887936.0 15
1681653230070 -140767068160.0 16
1681653230074 -166679511040.0 17
1681653230077 -195350446080.0 18
1681653230079 -227469426688.0 19
1681653230083 -262463848448.0 20
1681653230085 -301283147776.0 21
1681653230088 -343106125824.0 22
1681653230092 -388994826240.0 23
1681653230095 -439225548800.0 24
1681653230098 -493053345792.0 25
1681653230100 -551515389952.0 26
1681653230103 -613255806976.0 27
1681653230106 -680586510336.0 28
1681653230108 -752319987712.0 29
1681653230112 -829026926592.0 30
1681653230115 -910802747392.0 31
1681653230117 -997214846976.0 32
1681653230120 -1089197572096.0 33
1681653230123 -1186470297600.0 34
1681653230126 -1291031281664.0 35
1681653230128 -1399969677312.0 36
1681653230132 -1514555047936.0 37
1681653230134 -1636606017536.0 38
1681653230137 -1763035185152.0 39
1681653230139 -1896405139456.0 40
1681653230143 -2037670084608.0 41
1681653230146 -2183595556864.0 42
1681653230148 -2338506932224.0 43
1681653230151 -2499820650496.0 44
1681653230154 -2665834086400.0 45
1681653230159 -2842180190208.0 46
1681653230163 -3027750617088.0 47
1681653230166 -3218281594880.0 48
1681653230169 -3418853998592.0 49
