1681660140409 0.0580739825963974 0
1681660140412 0.0580996572971344 1
1681660140415 0.05813266709446907 2
1681660140418 0.05798228457570076 3
1681660140421 0.058084987103939056 4
1681660140424 0.05805197358131409 5
1681660140427 0.05805564299225807 6
1681660140430 0.0580483078956604 7
1681660140432 0.05805197358131409 8
1681660140435 0.05808865278959274 9
1681660140438 0.058070313185453415 10
1681660140441 0.0580483078956604 11
1681660140445 0.05808131769299507 12
1681660140447 0.058103326708078384 13
1681660140450 0.0580739825963974 14
1681660140453 0.05801529437303543 15
1681660140455 0.0580483078956604 16
1681660140458 0.058103326708078384 17
1681660140461 0.058084987103939056 18
1681660140463 0.05812166631221771 19
1681660140466 0.058070313185453415 20
1681660140468 0.0580739825963974 21
1681660140470 0.05804096907377243 22
1681660140474 0.058070313185453415 23
1681660140477 0.058077648282051086 24
1681660140479 0.058077648282051086 25
1681660140481 0.05805564299225807 26
1681660140483 0.05805930867791176 27
1681660140485 0.058095987886190414 28
1681660140487 0.058129001408815384 29
1681660140490 0.058037303388118744 30
1681660140492 0.058103326708078384 31
1681660140495 0.05808131769299507 32
1681660140498 0.058110661804676056 33
1681660140500 0.05806297808885574 34
1681660140502 0.05802629888057709 35
1681660140505 0.05810699239373207 36
1681660140507 0.058110661804676056 37
1681660140509 0.05813266709446907 38
1681660140512 0.05810699239373207 39
1681660140515 0.05808865278959274 40
1681660140517 0.05805197358131409 41
1681660140520 0.0580739825963974 42
1681660140523 0.058084987103939056 43
1681660140526 0.05801529437303543 44
1681660140529 0.05802629888057709 45
1681660140532 0.058110661804676056 46
1681660140536 0.05808865278959274 47
1681660140539 0.058070313185453415 48
1681660140542 0.05814367160201073 49
