1681660140253 -29841560.0 0
1681660140257 -299047552.0 1
1681660140261 -1050085888.0 2
1681660140265 -2493731584.0 3
1681660140269 -4849266176.0 4
1681660140272 -8313034752.0 5
1681660140275 -13099259904.0 6
1681660140278 -19420069888.0 7
1681660140281 -27480891392.0 8
1681660140285 -37473918976.0 9
1681660140288 -49552949248.0 10
1681660140291 -64003088384.0 11
1681660140294 -81061781504.0 12
1681660140297 -100834476032.0 13
1681660140301 -123580612608.0 14
1681660140304 -149316141056.0 15
1681660140307 -178539741184.0 16
1681660140310 -211407192064.0 17
1681660140313 -247767777280.0 18
1681660140317 -288501760000.0 19
1681660140320 -332884869120.0 20
1681660140323 -382112366592.0 21
1681660140326 -435164741632.0 22
1681660140330 -493348388864.0 23
1681660140333 -557044269056.0 24
1681660140336 -625335336960.0 25
1681660140339 -699476672512.0 26
1681660140342 -777796452352.0 27
1681660140345 -863183896576.0 28
1681660140348 -954168115200.0 29
1681660140351 -1051455193088.0 30
1681660140354 -1155173187584.0 31
1681660140357 -1264785555456.0 32
1681660140359 -1381406605312.0 33
1681660140362 -1504790839296.0 34
1681660140365 -1637413683200.0 35
1681660140368 -1775559376896.0 36
1681660140371 -1920922419200.0 37
1681660140374 -2075699707904.0 38
1681660140377 -2236016230400.0 39
1681660140380 -2405233590272.0 40
1681660140383 -2584351080448.0 41
1681660140386 -2769351868416.0 42
1681660140389 -2965823291392.0 43
1681660140392 -3170484092928.0 44
1681660140394 -3380993064960.0 45
1681660140397 -3604648034304.0 46
1681660140400 -3839956615168.0 47
1681660140403 -4081570807808.0 48
1681660140406 -4336008298496.0 49
